0
0
0
0
0
0
0
0
0
0
0
0
0
0
0
0
3
3
3
3
3
3
3
3
ff
3
7f
28
0
15
15
15
66
0
d
42
0
f
4
8
0
20
0
0
0
0
11
11
11
0
7
0
3f
0
0
0
0
0
0
0
0
0
0
3f
dd
d
0
0
0
0
0
0
0
0
0
0
0
0
0
0
0
11
11
11
0
0
0
3f
dd
d
0
0
0
0
0
0
0
0
0
0
0
0
0
0
0
11
11
11
0
0
0
3f
dd
d
0
0
0
0
0
0
0
0
0
0
0
0
0
0
0
11
11
11
0
0
0
3f
dd
d
0
0
0
0
0
0
0
0
0
0
0
0
0
0
0
11
11
11
0
0
0
3f
dd
d
0
0
0
0
0
0
0
0
0
0
0
0
0
0
0
11
11
11
0
0
0
0
0
70
0
0
0
0
0
0
0
0
0
0
0
0
0
0
0
0
0
0
0
0
0
0
0
70
0
0
0
0
0
0
0
0
0
0
0
0
0
0
0
0
0
0
0
0
0
dd
0d
70
0
0
0
0
0
0
0
0
3f
3f
38
0
0
0
7
0
0
0
0
0
73
0
11
3
0
11
3
0
11
3
80
11
3
0
11
88
88
88
88
20
0
0
0
0
0
0
0
0
0
0
0
0
0
0
0
0
0
0
0
ff
ff
ff
40
40
40
2a
2a
2a
0
0
ff
ff
ff
40
40
40
2a
2a
2a
0
0
0
0
0
0
0
ff
ff
ff
ff
ff
0
0
88
88
8
0
8
3
0
11
3
0
11
3
0
11
3
80
11
3
0
11
3
0
11
3
0
11
3
0
11
3
80
11
3
0
11
0
0
0
aa
